149135dc,6becc343
