7d04ebda,6291f8ec
